4.022600e+02 2.408703e+05
4.025100e+02 1.689988e+04
4.062600e+02 4.068084e+05
4.065100e+02 2.934988e+05
4.246300e+02 1.445401e+05
4.249000e+02 5.116888e+04
4.272400e+02 1.347388e+04
4.275100e+02 5.528315e+05
4.310900e+02 1.240833e+04
4.313500e+02 9.839554e+02
4.316900e+02 -8.609942e+02
4.319600e+02 1.909387e+03
4.322300e+02 7.996486e+03
4.364100e+02 7.584515e+02
4.409200e+02 1.273640e+04
4.412000e+02 2.786294e+03
4.414700e+02 3.465934e+03
4.430600e+02 1.616202e+03
4.433300e+02 1.654386e+03
4.449200e+02 6.832924e+02
4.477100e+02 4.991214e+03
4.480300e+02 5.841121e+03
4.482900e+02 -1.032629e+03
4.488700e+02 7.536558e+02
4.492200e+02 -7.033327e+02
4.494900e+02 1.645874e+03
4.506500e+02 3.754042e+03
4.509400e+02 7.141058e+04
4.527700e+02 1.247332e+04
4.530800e+02 3.817135e+04
4.533600e+02 -9.408724e+02
4.539700e+02 1.298965e+05
4.542600e+02 3.922911e+04
4.587000e+02 3.318722e+05
4.648200e+02 5.626857e+04
4.651100e+02 5.524438e+05
4.668800e+02 1.294145e+04
4.671700e+02 1.628654e+05
4.673600e+02 7.840485e+04
4.676400e+02 -9.409639e+02
4.682000e+02 2.109217e+05
4.701700e+02 1.425806e+04
4.704600e+02 5.511831e+04
4.707500e+02 8.071269e+04
4.792700e+02 3.908103e+05
4.809200e+02 1.471845e+04
4.811700e+02 2.481131e+03
4.812900e+02 3.324184e+05
4.815700e+02 5.494732e+04
4.851300e+02 1.471520e+05
4.855000e+02 2.346154e+05
4.870300e+02 8.609178e+03
4.873300e+02 7.041883e+04
4.876300e+02 2.181469e+04
4.901400e+02 2.611830e+05
4.904000e+02 -4.329205e+03
4.906600e+02 1.237930e+05
4.909700e+02 1.770353e+06
4.912900e+02 1.755247e+05
4.915800e+02 1.051582e+05
4.918400e+02 1.495396e+06
4.923400e+02 -3.389218e+03
4.926400e+02 1.499046e+05
4.928900e+02 -4.855817e+03
4.931700e+02 1.607255e+06
4.934600e+02 -6.666684e+03
4.937200e+02 3.282759e+05
4.940500e+02 -8.121545e+03
4.943000e+02 5.027552e+04
4.945900e+02 2.860102e+02
4.953700e+02 1.987862e+06
4.967000e+02 5.405814e+03
4.969800e+02 2.405462e+04
4.974100e+02 1.324609e+05
4.977100e+02 2.197057e+03
4.985500e+02 6.357777e+05
4.988300e+02 -1.259140e+03
5.003600e+02 6.915767e+03
5.006800e+02 4.558083e+05
5.009900e+02 2.158926e+05
5.012600e+02 5.242440e+05
5.018200e+02 -1.606620e+03
5.021300e+02 1.163920e+05
5.035800e+02 9.761666e+03
5.039000e+02 7.878937e+04
5.041300e+02 2.134185e+04
5.044300e+02 1.047187e+03
5.051800e+02 1.065424e+06
5.055700e+02 -4.549947e+03
5.058900e+02 2.461629e+05
5.062700e+02 -1.832663e+03
5.065500e+02 6.742489e+05
5.067100e+02 3.511124e+05
5.069800e+02 4.019814e+04
5.088700e+02 2.884586e+05
5.091400e+02 -5.729291e+03
5.093800e+02 1.265546e+05
5.097900e+02 -2.169852e+03
5.101000e+02 3.287891e+04
5.103200e+02 -6.097359e+03
5.105500e+02 6.615445e+04
5.117500e+02 8.080178e+03
5.120800e+02 3.353919e+04
5.123700e+02 5.563583e+03
5.137200e+02 3.632244e+03
5.140000e+02 -4.001248e+03
5.142800e+02 4.268621e+04
5.145900e+02 1.655543e+02
5.153200e+02 8.539413e+05
5.155800e+02 -5.918100e+03
5.158100e+02 1.833608e+04
5.180100e+02 1.807013e+04
5.183400e+02 1.799891e+04
5.186500e+02 1.936053e+04
5.209100e+02 5.363484e+05
5.215200e+02 1.857780e+03
5.218200e+02 1.548388e+06
5.220100e+02 1.370705e+05
5.222900e+02 1.141049e+05
5.292500e+02 1.093178e+05
5.295600e+02 9.001188e+03
5.312500e+02 5.866523e+03
5.325500e+02 5.603074e+03
5.328000e+02 1.548504e+03
5.328800e+02 8.204265e+03
5.332500e+02 9.091180e+03
5.337000e+02 -1.240738e+03
5.340000e+02 3.354451e+04
5.342700e+02 -4.946545e+03
5.345200e+02 5.253591e+03
5.347800e+02 5.649163e+02
5.350600e+02 -1.238354e+03
5.355200e+02 2.672141e+03
5.359500e+02 -6.683354e+02
5.361900e+02 -9.762960e+02
5.362800e+02 4.569844e+03
5.365400e+02 9.117281e+02
5.375300e+02 1.970614e+03
5.379100e+02 -9.620933e+02
5.381900e+02 3.684967e+03
5.384100e+02 -2.951143e+03
5.386400e+02 3.957677e+03
5.389600e+02 -3.184567e+03
5.392500e+02 3.600454e+04
5.395600e+02 -2.301477e+03
5.400100e+02 3.767618e+05
5.403100e+02 3.221833e+05
5.409000e+02 8.668793e+01
5.411900e+02 1.602077e+04
5.414700e+02 -3.141716e+02
5.422300e+02 -1.047140e+03
5.424100e+02 2.905448e+04
5.427200e+02 4.988199e+04
5.465500e+02 8.854992e+05
5.468600e+02 -5.815106e+03
5.471500e+02 6.161890e+04
5.474400e+02 -2.344050e+03
5.478700e+02 6.695219e+03
5.485200e+02 4.212019e+02
5.488200e+02 8.191129e+04
5.491100e+02 -5.822496e+03
5.493800e+02 1.033185e+04
5.496700e+02 2.338841e+04
5.540300e+02 -1.836091e+03
5.543200e+02 5.510758e+03
5.548900e+02 -1.200240e+02
5.551900e+02 1.230109e+05
5.554900e+02 -3.377863e+03
5.558100e+02 3.991104e+03
5.571000e+02 3.092654e+03
5.573800e+02 1.591474e+04
5.576300e+02 -3.837281e+03
5.578300e+02 -1.091367e+00
5.579700e+02 8.564100e+03
5.582100e+02 -4.301883e+03
5.584300e+02 2.904798e+03
5.586300e+02 -2.098590e+03
5.588300e+02 2.715783e+02
5.589800e+02 3.781445e+04
5.592500e+02 -1.133704e+03
5.595300e+02 1.463196e+03
5.604400e+02 -1.075869e+03
5.607300e+02 5.233788e+02
5.610600e+02 2.620391e+04
5.619100e+02 4.165359e+03
5.622500e+02 2.197128e+05
5.625500e+02 2.298187e+04
5.667400e+02 -9.516058e+01
5.670300e+02 2.979456e+03
5.823000e+02 5.210473e+04
5.825800e+02 4.448377e+03
5.828600e+02 -1.818503e+03
5.830700e+02 -1.386429e+03
5.833500e+02 5.466809e+03
5.837400e+02 2.168295e+04
5.840200e+02 6.144576e+04
5.934700e+02 -1.907742e+03
5.937600e+02 2.623133e+03
5.941200e+02 8.159321e+04
5.944200e+02 2.791729e+04
5.985500e+02 -2.365869e+03
5.988300e+02 1.024869e+04
5.991100e+02 -2.238616e+03
5.992800e+02 -2.164011e+03
5.995600e+02 9.064928e+03
5.997700e+02 -6.543625e+03
6.000100e+02 1.427543e+05
6.003100e+02 4.770896e+04
6.083100e+02 1.702664e+03
6.094500e+02 5.012726e+01
6.097300e+02 8.771160e+03
6.100200e+02 -2.678805e+03
6.103100e+02 -8.778820e+02
6.105600e+02 1.610360e+03
6.107400e+02 6.367635e+03
6.111500e+02 -1.265574e+03
6.114500e+02 6.590981e+04
6.117400e+02 -3.459410e+03
6.147400e+02 -3.040700e+03
6.150400e+02 1.107087e+05
6.154200e+02 1.058050e+05
6.157200e+02 -4.004914e+03
6.169100e+02 -2.734140e+03
6.172000e+02 3.612757e+04
6.174900e+02 -3.836682e+03
6.184100e+02 2.284801e+03
6.186900e+02 5.558522e+04
6.188700e+02 1.741264e+04
6.191400e+02 -2.590750e+03
6.195300e+02 -1.789810e+03
6.198100e+02 5.511133e+03
6.201300e+02 -4.397588e+03
6.204300e+02 5.616213e+04
6.208500e+02 4.015001e+04
6.211400e+02 -2.277368e+03
6.213600e+02 -2.542644e+03
6.216900e+02 3.677339e+05
6.219800e+02 2.336996e+05
6.222900e+02 1.442046e+04
6.257800e+02 2.060822e+03
6.261800e+02 1.064449e+05
6.264800e+02 4.395787e+02
6.270100e+02 1.904836e+02
6.273300e+02 5.175983e+05
6.276100e+02 -5.630575e+03
6.278200e+02 3.252773e+03
6.281000e+02 -1.385317e+03
6.285900e+02 -8.011291e+02
6.288700e+02 4.270277e+03
6.297900e+02 7.889725e+02
6.301000e+02 3.235304e+05
6.303600e+02 -7.053099e+03
6.306000e+02 3.420131e+04
6.308700e+02 -7.168609e+03
6.311300e+02 1.726944e+04
6.312500e+02 4.318276e+04
6.315100e+02 -1.313200e+03
6.323800e+02 -1.081781e+03
6.326500e+02 2.498204e+03
6.329300e+02 -1.290172e+03
6.354600e+02 7.519813e+03
6.357400e+02 2.406820e+04
6.360200e+02 -3.479628e+03
6.375000e+02 -2.497607e+03
6.377800e+02 9.660375e+03
6.380600e+02 -1.171576e+03
6.391200e+02 -4.933649e+02
6.394000e+02 1.191849e+03
6.396800e+02 -6.119992e+02
6.400600e+02 -1.660818e+03
6.403400e+02 6.570143e+03
6.406200e+02 -2.707003e+03
6.408400e+02 -2.586526e+03
6.411200e+02 2.631369e+04
6.414600e+02 1.654356e+03
6.418200e+02 1.181428e+03
6.421000e+02 -4.409137e+03
6.423900e+02 1.028319e+05
6.426900e+02 -4.064816e+03
6.429600e+02 -1.276956e+03
6.432400e+02 3.385541e+03
6.435100e+02 -1.634065e+03
6.439100e+02 -1.679472e+03
6.441600e+02 6.379916e+03
6.443200e+02 4.678036e+03
6.445900e+02 -2.705411e+03
6.449300e+02 -8.363785e+02
6.452100e+02 2.223191e+03
6.454900e+02 -1.080344e+03
6.463400e+02 -1.237721e+03
6.466200e+02 1.192755e+04
6.470100e+02 9.077315e+03
6.472800e+02 -3.458167e+03
6.475400e+02 1.417561e+03
6.479300e+02 1.245605e+03
6.481400e+02 2.394498e+04
6.484400e+02 1.968275e+02
6.486600e+02 -3.993368e+03
6.488800e+02 5.077243e+03
6.491600e+02 -1.915043e+02
6.505600e+02 -1.124277e+03
6.508400e+02 3.308943e+03
6.511200e+02 -1.528754e+03
6.514500e+02 -1.637367e+03
6.517300e+02 6.587093e+03
6.520500e+02 -2.211785e+03
6.523800e+02 7.264084e+03
6.526800e+02 -4.442954e+03
6.530100e+02 8.725329e+03
6.532800e+02 -2.267405e+03
6.538800e+02 -1.658549e+03
6.541600e+02 4.849101e+03
6.544400e+02 -3.770056e+02
6.556900e+02 -1.171031e+03
6.559700e+02 3.436040e+03
6.562500e+02 -8.592352e+02
6.573900e+02 -1.006082e+03
6.577100e+02 5.289017e+03
6.579800e+02 -2.217159e+03
6.621500e+02 8.156022e+03
6.624300e+02 8.955390e+03
6.627100e+02 -2.802711e+03
6.638500e+02 -1.356778e+02
6.641400e+02 3.200248e+04
6.644300e+02 1.663164e+04
6.736900e+02 -4.280699e+02
6.739600e+02 9.747245e+02
6.742400e+02 -4.442400e+02
6.799200e+02 1.558319e+03
6.802100e+02 9.115086e+02
6.804800e+02 -4.519867e+02
6.820400e+02 -2.929603e+02
6.823200e+02 6.142254e+03
6.825000e+02 -2.700553e+03
6.827400e+02 -8.778238e+02
6.830500e+02 3.352803e+03
6.833000e+02 -1.333980e+03
6.835200e+02 -8.496700e+02
6.837500e+02 1.206124e+03
6.841400e+02 -1.260702e+03
6.844200e+02 5.063862e+03
6.847000e+02 -3.792329e+02
6.860300e+02 -1.339662e+03
6.863100e+02 4.709568e+03
6.865900e+02 3.940855e+02
6.892000e+02 -7.082740e+02
6.894800e+02 2.237826e+03
6.897700e+02 -1.066227e+03
6.899800e+02 -4.510945e+02
6.902600e+02 1.308440e+03
6.905400e+02 -5.800375e+02
6.925700e+02 4.031883e+02
6.928600e+02 1.219055e+03
6.931400e+02 -7.051743e+02
6.946000e+02 -9.321407e+01
6.948800e+02 2.803762e+03
6.952900e+02 3.066033e+03
6.957900e+02 2.268182e+03
6.960700e+02 -1.580090e+03
6.963400e+02 1.847913e+03
6.966200e+02 -8.837466e+02
7.323100e+02 2.912967e+04
7.326000e+02 2.657821e+04
7.328900e+02 -3.115133e+02
7.379500e+02 -9.577192e+02
7.382300e+02 2.728898e+03
7.385100e+02 -1.274780e+03
7.396900e+02 -2.864858e+03
7.399900e+02 1.023328e+05
7.404400e+02 1.574621e+04
7.407300e+02 -3.286973e+03
7.431400e+02 -7.824465e+02
7.434200e+02 2.199616e+03
7.437100e+02 -9.943548e+02
7.507800e+02 5.622026e+00
7.510700e+02 1.090786e+04
7.513600e+02 -3.611791e+03
7.559100e+02 -1.667137e+03
7.562000e+02 3.172968e+04
7.565000e+02 -4.364449e+03
7.576100e+02 -4.175734e+03
7.579100e+02 9.644529e+04
7.582500e+02 -5.227687e+03
7.649300e+02 -4.455218e+03
7.652300e+02 7.843056e+04
7.655300e+02 -5.046575e+03
7.661700e+02 -2.629817e+03
7.664600e+02 1.651664e+04
7.667500e+02 -3.549011e+03
7.723600e+02 -1.977740e+03
7.726600e+02 6.346950e+03
7.729500e+02 -2.629168e+03
7.735800e+02 -1.828090e+03
7.738700e+02 6.920917e+03
7.741600e+02 -2.459644e+03
7.751500e+02 -8.636509e+02
7.754400e+02 2.479433e+03
7.757300e+02 -1.126308e+03
7.775800e+02 -9.933002e+02
7.778700e+02 3.216773e+03
7.781600e+02 -1.352500e+03
7.802300e+02 -1.226193e+03
7.805100e+02 1.142160e+03
7.807700e+02 3.455601e+04
7.810400e+02 -5.019934e+03
7.812300e+02 2.431137e+03
7.815200e+02 -9.842440e+02
7.817600e+02 -1.812607e+03
7.820600e+02 5.344145e+03
7.822800e+02 -6.399913e+03
7.825700e+02 3.643097e+05
7.828900e+02 -3.908457e+03
7.842200e+02 -2.534509e+03
7.845100e+02 1.267467e+04
7.848000e+02 -3.667804e+03
7.887700e+02 -1.385212e+03
7.890600e+02 5.148804e+03
7.893000e+02 -5.788656e+03
7.895800e+02 9.007942e+04
7.899100e+02 -7.671853e+03
7.902500e+02 1.899748e+05
7.905700e+02 -4.262712e+03
7.927300e+02 -7.036979e+02
7.930200e+02 2.026389e+03
7.933100e+02 -9.302203e+02
7.941400e+02 -3.361527e+03
7.944400e+02 5.006841e+04
7.947500e+02 -4.661067e+03
7.954200e+02 -3.956203e+02
7.957100e+02 1.052935e+03
7.960000e+02 -4.583431e+02
7.964200e+02 -3.996062e+02
7.967100e+02 1.635004e+03
7.969200e+02 -4.529234e+03
7.972000e+02 5.211833e+04
7.975000e+02 -4.629308e+03
7.985300e+02 -1.814937e+03
7.988200e+02 6.345456e+03
7.991100e+02 -2.507125e+03
7.993900e+02 -2.758132e+03
7.996800e+02 1.499056e+04
7.999700e+02 -3.755258e+03
8.002300e+02 -2.095076e+03
8.005200e+02 7.838442e+03
8.008400e+02 -2.777549e+03
8.020000e+02 -2.688924e+02
8.022900e+02 3.249210e+02
8.026500e+02 1.852815e+03
8.029400e+02 -7.402088e+02
8.085700e+02 -6.230774e+02
8.088600e+02 1.916497e+03
8.092300e+02 -3.135091e+03
8.095500e+02 1.479807e+05
8.098400e+02 -7.254879e+03
8.100300e+02 2.029124e+03
8.103200e+02 -5.770359e+02
8.151100e+02 -2.909600e+02
8.154000e+02 8.916862e+02
8.156900e+02 -4.099005e+02
8.189300e+02 -1.269097e+03
8.192200e+02 4.153421e+03
8.195100e+02 -1.743437e+03
8.232300e+02 -1.501943e+03
8.235300e+02 4.412988e+03
8.238200e+02 -1.834581e+03
8.251900e+02 -7.939652e+02
8.254800e+02 2.435282e+03
8.257700e+02 -1.093673e+03
8.260000e+02 -7.875590e+02
8.262900e+02 2.468141e+03
8.265900e+02 -1.157944e+03
8.274500e+02 -3.845955e+03
8.277600e+02 9.838057e+04
8.280700e+02 -5.265833e+03
8.284400e+02 -9.943774e+02
8.287300e+02 2.828374e+03
8.290200e+02 -1.223220e+03
8.294400e+02 -9.981757e+02
8.297300e+02 3.515891e+03
8.300200e+02 -1.310649e+03
8.321800e+02 -1.857391e+03
8.324700e+02 6.329046e+03
8.327600e+02 -2.470917e+03
8.376700e+02 -1.212487e+03
8.379600e+02 3.754999e+03
8.382500e+02 -1.626803e+03
8.400800e+02 -2.436282e+03
8.403800e+02 1.772794e+04
8.406800e+02 -3.425657e+03
8.428300e+02 -2.503473e+02
8.431200e+02 6.354619e+02
8.434100e+02 -3.011749e+02
8.489700e+02 -1.800299e+03
8.492700e+02 5.935427e+03
8.495700e+02 -2.392241e+03
