element	sp_num	obs_wl_air(nm)	Aki(s^-1)	Acc	Ei(cm-1)	Ek(cm-1)	g_i	g_k	Type	
Cu	1	306.3411	1.55e+06	C+	13245.443	45879.32	4	4		
Au	1	312.278	1.90e+07	B+	9161.177	41174.613	6	4		
Ag	2	318.07128	4.30e+06	B+	82171.7320	113602.1364	7	9		
Ag	2	318.39060	4.0e+06	B	89134.7240	120533.6058	7	7		
Cu	1	319.4099	1.55e+06	C+	13245.443	44544.16	4	4		
Ag	2	322.32462	6.9e+06	D+	89895.5377	120911.2048	3	5		
Cu	1	324.7540	1.395e+08	AA	0.000	30783.697	2	4		
Ag	2	326.73462	8.7e+05	B	80176.4601	110773.5186	5	5		
Ag	2	326.955	2.0e+07	D+	90334.8716	120911.2048	3	5		
Cu	1	327.3957	1.376e+08	AA	0.000	30535.324	2	2		
Ag	1	328.0680	1.4e+08	B	0.000000	30472.66516	2	4		
Cu	2	329.04174	5.9e+07	D+	115568.99497	145951.5299	11	13		
Cu	2	330.08815	5.4e+07	D+	117747.3504	148033.574	7	9		
Cu	2	330.12286	5.6e+07	D+	115662.5622	145945.5969	9	11		
Au	1	330.830	3.1e+05	E	21435.191	51653.9	4	6		
Cu	2	331.62756	5.6e+07	D+	117883.0985	148028.7360	9	11		
Au	1	332.012	3.0e+07	C	37358.991	67469.4	2	4		
Cu	1	333.7845	3.8e+05	C+	11202.618	41153.47	6	8		
Cu	2	333.86475	2.7e+07	D+	116080.2237	146023.862	7	9		
Ag	2	333.9878	2.10e+05	B+	83669.6491	113602.1364	9	9		
Cu	2	336.56475	2.9e+07	D+	116325.9148	146029.350	7	9		
Cu	2	337.04529	4.3e+07	D+	116371.18040	146032.2635	9	11		
Ag	2	337.21945	1.00e+06	B	90887.8423	120533.6058	5	7		
Cu	2	337.49515	4.6e+07	D+	118483.8135	148105.366	7	9		
Cu	2	338.07117	3.4e+07	D+	118531.9058	148102.986	5	7		
Ag	1	338.2887	1.3e+08	B	0.000000	29552.05741	2	2		
Ag	2	349.52849	7.4e+05	C+	82171.7320	110773.5186	7	5		
Ag	2	368.24638	9.0e+04	B	83625.5147	110773.5186	3	5		
Ag	2	368.33479	9.9e+05	B+	86460.6511	113602.1364	7	9		
Cu	2	368.65552	9.7e+05	C+	68447.7349	95565.619	7	9		
Au	1	379.601	3.2e+07	C	41174.613	67510.7	4	6		
Cu	2	388.41312	3.1e+07	D+	120684.7128	146423.201	7	9		
Cu	2	388.45339	3.1e+07	D+	122745.9491	148481.763	5	7		
Cu	2	390.31761	3.5e+07	D+	120789.80865	146402.715	9	11		
Au	1	390.938	1.1e+05	E	21435.191	47007.433	4	4		
Cu	2	392.06546	3.3e+07	D+	123016.8175	148515.532	7	9		
Cu	1	402.2629	1.90e+07	C	30535.324	55387.667	2	4		
Cu	2	404.34879	1.14e+06	C+	70841.4669	95565.619	7	9		
Cu	1	406.2641	2.10e+07	C	30783.697	55391.297	4	6		
Au	1	406.507	8.5e+07	B+	37358.991	61951.6	2	4		
Ag	2	408.59155	1.12e+06	B+	89134.7240	113602.1364	7	9		
Ag	2	411.18880	1.20e+05	B	86460.6511	110773.5186	7	5		
Ag	2	418.54749	3.7e+05	C	86888.0990	110773.5186	5	5		
Cu	2	422.79422	5.1e+05	B	71920.0961	95565.619	7	9		
Cu	1	424.8956	1.95e+07	C+	40943.78	64472.35	2	2		
Cu	1	427.5107	3.45e+07	C+	39018.69	62403.332	6	8		
Ag	2	431.351	1.4e+07	D+	136518.895	159695.21	5	3		
Ag	2	431.959	1.2e+07	D+	132017.588	155161.42	7	5		
Ag	2	433.314	3.3e+06	D+	132017.588	155088.95	7	7		
Ag	2	436.416	6.6e+06	D+	136832.527	159740.36	3	5		
Ag	2	441.200	1.4e+07	D+	132429.668	155088.95	9	7		
Ag	2	443.057	1.4e+07	D+	137176.52	159740.36	7	5		
Ag	2	444.919	1.0e+07	D+	137225.409	159695.21	3	3		
Ag	2	447.912	6.4e+06	D+	132841.701	155161.42	3	5		
Cu	1	448.0350	3.0e+06	C	30535.324	52848.751	2	2		
Ag	2	448.858	6.8e+06	D+	137468.255	159740.36	5	5		
Ag	2	449.494	1.1e+07	D+	132920.339	155161.42	5	5		
Cu	2	450.59982	6.3e+05	C	66418.6849	88605.096	5	3		
Cu	1	450.9374	2.75e+07	C+	42302.58	64472.35	4	2		
Ag	2	451.552	4.1e+06	D+	133022.073	155161.42	7	5		
Ag	2	453.039	7.4e+06	D+	133022.073	155088.95	7	7		
Cu	1	453.0785	8.4e+06	C+	30783.697	52848.751	4	2		
Cu	1	453.9695	2.12e+07	C+	41562.93	63584.65	6	4		
Cu	2	455.59211	7.1e+05	C	66418.6849	88362.001	5	5		
Cu	1	458.697	3.20e+07	C+	41153.47	62948.26	8	6		
Ag	2	462.00358	2.1e+05	C	89134.7240	110773.5186	7	5		
Cu	1	465.1124	3.80e+07	C+	40909.16	62403.332	10	8		
Cu	2	467.17016	5.6e+07	D+	114511.2386	135910.7245	3	5		
Cu	2	467.35772	1.6e+08	D+	114511.2386	135902.1365	3	1		
Cu	2	468.19938	1.1e+08	D+	114511.2386	135863.6857	3	3		
Cu	1	470.4594	5.5e+06	C+	41153.47	62403.332	8	8		
Cu	2	475.84334	1.3e+06	C	67916.5572	88926.002	3	1		
Ag	2	478.83966	9.5e+05	C+	89895.5377	110773.5186	3	5		
Au	1	479.258	8.9e+07	B+	41174.613	62033.7	4	6		
Au	1	481.160	1.57e+07	B+	41174.613	61951.6	4	4		
Cu	2	481.29476	1.3e+08	D+	117231.4014	138002.8856	3	5		
Cu	2	483.22454	2.5e+05	C	67916.5572	88605.096	3	3		
Cu	2	485.12625	2.9e+07	D+	115662.5622	136269.9996	9	9		
Cu	2	485.498733	3.5e+07	D+	115568.99497	136160.61825	11	11		
Cu	2	487.33056	2.4e+07	D+	117747.3504	138261.5822	7	7		
Cu	2	488.97005	1.9e+05	C	67916.5572	88362.001	3	5		
Ag	2	489.1335	1.00e+05	B	90334.8716	110773.5186	3	5		
Cu	2	490.142635	6.2e+07	D+	115638.8036	136035.3328	5	7		
Cu	2	490.65663	4.4e+07	D+	115638.8036	136013.9671	5	5		
Cu	2	490.973351	2.04e+08	B+	115568.99497	135931.01412	11	13		
Cu	2	491.291989	6.0e+07	D+	115665.1539	136013.9671	3	5		
Cu	2	491.58321	2.5e+07	D+	117883.0985	138219.8605	9	9		
Cu	2	491.83779	2.9e+08	C	117747.3504	138073.5826	7	9		
Cu	2	492.64228	9.e+07	D+	115665.1539	135958.1919	3	3		
Cu	2	493.155496	7.1e+07	D+	115638.8036	135910.7245	5	5		
Cu	2	493.16982	1.9e+08	C	115662.5622	135933.89499	9	11		
Cu	2	493.722029	1.1e+08	D+	117928.2197	138176.8797	3	5		
Cu	2	493.79740	2.8e+07	D+	115665.1539	135910.7245	3	5		
Cu	2	494.30240	4.0e+07	D+	115638.8036	135863.6857	5	3		
Cu	2	495.37244	3.1e+08	C	117883.0985	138064.2971	9	11		
Cu	2	496.98062	1.1e+07	D+	116325.9148	136441.817	7	7		
Cu	2	497.36975	3.6e+07	D+	117928.2197	138028.384	3	3		
Cu	2	497.41542	3.0e+07	D+	118163.2663	138261.5822	5	7		
Cu	2	498.51421	2.1e+07	D+	116387.7873	136441.817	5	7		
Cu	2	498.550499	9.7e+07	C+	116080.2237	136132.77781	7	9		
Cu	2	498.8327	5.7e+06	D+	136725.85349	156767.066	11	13		
Cu	2	500.679983	1.20e+08	C+	118163.2663	138130.5345	5	7		
Cu	2	500.98505	5.4e+07	D+	116080.2237	136035.3328	7	7		
Cu	2	501.26197	9.6e+07	C+	116325.9148	136269.9996	7	9		
Cu	2	502.12785	3.2e+07	E	116080.2237	135989.9176	7	7		
Ag	2	502.73430	3.4e+05	C+	90887.8423	110773.5186	5	5		
Cu	2	503.90109	3.9e+07	D+	118163.2663	138002.8856	5	5		
Cu	2	504.13310	1.6e+07	D+	116080.2237	135910.7245	7	5		
Cu	2	505.179210	1.55e+08	C+	116371.18040	136160.61825	9	11		
Cu	2	505.890906	4.8e+07	D+	116371.18040	136132.77781	9	9		
Cu	2	506.06437	4.1e+05	C	68850.2628	88605.096	1	3		
Au	1	506.459	5.2e+05	D	21435.191	41174.613	4	4		
Cu	2	506.545858	1.61e+08	C+	118483.8135	138219.8605	7	9		
Cu	2	506.709416	1.23e+08	C+	118531.9058	138261.5822	5	7		
Cu	2	508.84882	4.8e+07	D+	118483.8135	138130.5345	7	7		
Cu	2	508.89426	5.2e+07	D+	118531.9058	138176.8797	5	5		
Cu	2	509.381535	4.9e+07	D+	116387.7873	136013.9671	5	5		
Cu	2	510.09790	1.6e+07	D+	118531.9058	138130.5345	5	7		
Cu	1	510.5541	2.0e+06	C+	11202.618	30783.697	6	4		
Cu	2	512.07535	2.0e+07	D+	116387.7873	135910.7245	5	5		
Ag	2	513.72470	1.8e+07	C	125574.8546	145035.112	3	5		
Ag	2	514.28156	1.3e+08	C	125574.8546	145014.040	3	3		
Cu	1	515.3235	6.0e+07	C+	30535.324	49935.195	2	4		
Cu	2	515.80914	2.4e+07	D+	116576.5758	135958.1919	1	3		
Cu	2	518.33664	2.4e+07	D+	116576.5758	135863.6857	1	3		
Ag	1	520.9078	7.5e+07	D	29552.05741	48743.969	2	4		
Cu	1	521.8202	7.5e+07	C+	30783.697	49942.051	4	6		
Cu	1	522.0070	1.50e+07	C+	30783.697	49935.195	4	4		
Cu	1	529.2517	1.09e+07	C+	43514.01	62403.332	8	8		
Ag	2	531.24571	1.6e+07	C	126679.4151	145497.860	9	9		
Cu	2	532.79841	1.1e+07	D+	135931.01412	154694.619	13	15		
Cu	2	532.88109	1.1e+07	D+	135933.89499	154694.589	11	13		
Cu	2	532.8963	9.e+06	D+	138002.8856	156763.044	5	7		
Ag	2	533.25043	2.0e+07	C	126679.4151	145427.113	9	9		
Ag	2	534.00267	3.4e+07	C	126668.189	145389.480	11	11		
Cu	2	534.5160	1.1e+07	D+	138064.2971	156767.609	11	13		
Cu	2	534.7809	1.1e+07	D+	138073.5826	156767.630	9	11		
Cu	2	535.5186	7.4e+06	D+	136035.3328	154703.625	7	9		
Cu	2	536.1907	9.e+06	D+	138130.5345	156775.430	7	9		
Ag	2	536.27877	2.2e+07	C	126766.4681	145408.300	5	7		
Cu	2	537.5276	8.1e+06	D+	138176.8797	156775.405	5	7		
Cu	2	538.19479	8.2e+06	D+	136132.77781	154708.244	9	11		
Cu	2	538.6435	1.0e+07	D+	138219.8605	156779.855	9	11		
Ag	2	539.24686	7.9e+07	C	126770.2987	145309.528	3	5		
Cu	2	539.8573	9.e+06	D+	138261.5822	156779.847	7	9		
Ag	2	540.01037	1.8e+08	C	126668.189	145181.205	11	13		
Ag	2	540.31323	1.8e+08	C	126679.4151	145182.054	9	11		
Ag	2	541.08114	3.6e+06	D+	126766.4681	145242.847	5	3		
Ag	2	541.1936	8.9e+07	C	126770.2987	145242.847	3	3		
Cu	2	542.2392	7.2e+06	D+	136269.9996	154706.911	9	11		
Ag	2	542.40511	7.4e+07	C	126766.4681	145197.750	5	5		
Ag	1	546.5497	8.6e+07	D	30472.66516	48764.219	4	6		
Ag	1	547.1555	1.4e+07	D	30472.66516	48743.969	4	4		
Ag	2	547.86597	5.4e+07	C	126766.4681	145014.040	5	3		
Ag	2	548.81567	7.8e+07	C	127211.1186	145427.113	7	9		
Ag	2	549.38309	2.8e+07	C	127211.1186	145408.300	7	7		
Ag	2	554.32124	2.1e+07	C	127523.4831	145558.556	5	7		
Ag	2	555.19265	1.07e+08	C	127491.0946	145497.860	7	9		
Ag	2	555.81401	1.9e+07	C	127211.1186	145197.750	7	5		
Ag	2	557.38261	3.2e+07	C	127491.0946	145427.113	7	9		
Cu	2	557.84356	1.0e+07	D+	136725.85349	154647.056	11	13		
Ag	2	557.96777	3.7e+07	C	127491.0946	145408.300	7	7		
Cu	2	558.4346	9.e+06	D+	138819.0637	156721.308	7	9		
Ag	2	558.8417	1.6e+07	C	127608.6762	145497.860	9	9		
Ag	2	558.97828	6.9e+07	C	127523.4831	145408.300	5	7		
Cu	2	559.25298	9.e+06	D+	136765.3514	154641.392	9	11		
Cu	2	560.7282	8.e+06	D+	138882.8921	156711.894	9	11		
Ag	2	561.06066	4.0e+07	C	127608.6762	145427.113	9	9		
Ag	2	562.24822	1.4e+08	C	127608.6762	145389.480	9	11		
Cu	2	566.7434	5.8e+06	D+	137034.778	154674.551	7	9		
Cu	2	567.0329	7.4e+06	D+	137044.4647	154675.247	9	11		
Cu	1	570.0240	2.4e+05	C+	13245.443	30783.697	4	4		
Cu	1	578.2132	1.65e+06	C+	13245.443	30535.324	4	2		
Cu	2	582.5823	1.1e+07	D+	121981.8546	139142.049	5	5		
Cu	2	583.35146	7.9e+06	D+	121981.8546	139119.4295	5	7		
Au	1	583.737	2.95e+07	B+	37358.991	54485.235	2	2		
Cu	2	593.7576	1.0e+07	D+	121981.8546	138819.0637	5	7		
Cu	2	594.11951	3.6e+07	D+	120092.3828	136919.3511	5	7		
Cu	2	598.83141	9.e+07	D+	120919.5715	137614.140	3	1		
Cu	2	599.55902	3.0e+07	D+	122224.0199	138898.334	1	3		
Cu	2	600.01169	7.5e+07	D+	120092.3828	136754.1104	5	5		
Cu	2	608.3086	6.9e+06	D+	138401.956	154836.434	7	9		
Cu	2	609.7328	1.9e+07	D+	122745.9491	139142.049	5	5		
Cu	2	610.5747	9.e+06	D+	122745.9491	139119.4295	5	7		
Cu	2	610.74055	3.3e+07	D+	122224.0199	138593.046	1	3		
Cu	2	611.44926	3.4e+07	D+	120684.7128	137034.778	7	7		
Cu	2	615.03818	3.6e+07	D+	120789.80865	137044.4647	9	9		
Cu	2	615.42215	1.0e+08	D+	120092.3828	136336.8971	5	3		
Cu	2	617.2033	3.4e+07	D+	120876.0141	137073.6465	5	5		
Cu	2	618.68770	3.6e+07	D+	120876.0141	137034.778	5	7		
Cu	2	618.86763	3.1e+07	D+	120919.5715	137073.6465	3	5		
Cu	2	619.8091	9.e+06	D+	120789.80865	136919.3511	9	7		
Cu	2	620.42569	4.9e+07	D+	122867.7407	138981.246	3	5		
Cu	2	620.84527	2.9e+07	D+	123016.8175	139119.4295	7	7		
Cu	2	621.69386	9.4e+07	C+	120684.7128	136765.3514	7	9		
Cu	2	621.98492	9.4e+07	C+	122745.9491	138819.0637	5	7		
Cu	2	625.7838	4.1e+06	D+	120789.80865	136765.3514	9	9		
Cu	2	626.18477	3.7e+07	D+	121079.1501	137044.4647	7	9		
Cu	2	627.334762	1.06e+08	C+	120789.80865	136725.85349	9	11		
Au	1	627.817	3.4e+06	D	21435.191	37358.991	4	2		
Cu	2	628.8695	1.7e+07	D+	120876.0141	136773.1713	5	3		
Cu	2	630.10135	1.0e+08	C+	123016.8175	138882.8921	7	9		
Cu	2	630.59712	5.7e+07	D+	120919.5715	136773.1713	3	3		
Cu	2	631.13006	3.5e+07	D+	121079.1501	136919.3511	7	7		
Cu	2	631.2491	5.8e+07	D+	123304.823	139142.049	3	5		
Cu	2	632.6465	5.0e+06	D+	123016.8175	138819.0637	7	7		
Cu	2	635.7414	5.5e+07	D+	122867.7407	138593.046	3	3		
Cu	2	637.7842	1.9e+07	D+	121079.1501	136754.1104	7	5		
Cu	2	639.3957	3.4e+06	D+	135834.6720	151470.113	9	11		
Cu	2	640.3384	2.7e+07	D+	122415.957	138028.384	1	3		
Cu	2	641.1142	5.8e+07	D+	123304.823	138898.334	3	3		
Cu	2	641.4569	1.4e+07	D+	123556.8261	139142.049	5	5		
Cu	2	641.8160	1.5e+07	D+	135863.6857	151440.178	3	5		
Cu	2	642.38842	5.6e+07	C+	123556.8261	139119.4295	5	7		
Cu	2	643.2416	1.5e+07	D+	135910.7245	151452.690	5	7		
Cu	2	643.3597	2.7e+06	D+	135931.01412	151470.130	13	13		
Cu	2	643.7596	6.7e+06	D+	135910.7245	151440.178	5	5		
Cu	2	644.17371	2.4e+07	D+	135931.01412	151450.488	13	15		
Cu	2	644.2964	2.3e+07	D+	135933.89499	151450.414	11	13		
Cu	2	644.3587	2.0e+07	D+	138002.8856	153517.905	5	7		
Cu	2	645.2116	1.4e+07	D+	135958.1919	151452.701	3	5		
Cu	2	646.6245	2.3e+07	D+	138064.2971	153524.950	11	13		
Cu	2	647.01386	2.3e+07	D+	138073.5826	153524.933	9	11		
Cu	2	647.5426	7.5e+06	D+	136013.9671	151452.701	5	5		
Cu	2	647.9316	1.5e+07	D+	136035.3328	151464.796	7	9		
Cu	2	648.1436	3.4e+07	D+	123556.8261	138981.246	5	5		
Cu	2	648.4417	1.4e+07	D+	120919.5715	136336.8971	3	3		
Cu	2	648.8816	1.9e+07	D+	138130.5345	153537.414	7	9		
Cu	2	650.8401	1.7e+07	D+	138176.8797	153537.395	5	7		
Cu	2	651.7316	1.7e+07	D+	136132.77781	151472.278	9	11		
Cu	2	652.0497	5.7e+06	D+	136132.77781	151464.796	9	9		
Cu	2	652.3820	2.1e+07	D+	138219.8605	153544.069	9	11		
Cu	2	652.9167	4.6e+06	D+	136160.61825	151472.278	11	11		
Cu	2	653.0082	2.0e+07	D+	136160.61825	151470.130	11	13		
Cu	2	654.1637	1.9e+07	D+	138261.5822	153544.054	7	9		
Cu	2	655.9657	4.9e+06	D+	121524.8509	136765.3514	7	9		
Cu	2	656.7949	5.1e+05	C	108335.6078	123556.8261	5	5		
Cu	2	657.6147	4.3e+06	D+	136269.9996	151472.264	9	9		
Cu	2	657.70812	1.5e+07	D+	136269.9996	151470.113	9	11		
Cu	2	662.4291	2.2e+07	D+	121981.8546	137073.6465	5	5		
Cu	2	664.1395	2.6e+07	D+	121981.8546	137034.778	5	7		
Cu	2	664.8764	1.1e+07	D+	123556.8261	138593.046	5	3		
Cu	2	665.1323	3.8e+06	D+	136441.817	151472.264	7	9		
Cu	2	673.9599	7.4e+06	D+	138593.046	153426.632	3	5		
Cu	2	675.8855	1.0e+07	D+	121981.8546	136773.1713	5	3		
Cu	2	680.2138	3.5e+06	D+	136725.85349	151423.056	11	11		
Cu	2	682.1060	3.2e+06	D+	136765.3514	151421.791	9	9		
Cu	2	682.3201	1.8e+07	D+	136725.85349	151377.688	11	13		
Cu	2	682.4750	7.2e+06	D+	136754.1104	151402.621	5	7		
Cu	2	683.0531	1.8e+07	D+	138819.0637	153455.178	7	9		
Cu	2	683.3026	8.1e+06	D+	136773.1713	151403.942	3	5		
Cu	2	683.7491	9.e+06	D+	136754.1104	151375.318	5	5		
Cu	2	684.4156	1.8e+07	D+	136765.3514	151372.330	9	11		
Cu	2	686.3061	1.8e+07	D+	138882.8921	153449.633	9	11		
Cu	2	687.9403	5.5e+06	C	108335.6078	122867.7407	5	3		
Cu	2	689.4810	1.0e+07	D+	136919.3511	151419.022	7	9		
Cu	2	690.2617	8.0e+06	D+	136919.3511	151402.621	7	7		
Cu	2	692.8602	1.1e+07	D+	138981.246	153410.212	5	7		
Cu	2	693.7552	3.9e+06	C	108335.6078	122745.9491	5	5		
Cu	2	693.9099	4.8e+06	D+	137034.778	151441.899	7	7		
Cu	2	694.8795	1.1e+07	D+	137034.778	151421.791	7	9		
Cu	2	695.0139	3.1e+06	D+	137034.778	151419.022	7	9		
Cu	2	695.2870	1.4e+07	D+	137044.4647	151423.056	9	11		
Cu	2	695.3930	1.5e+07	D+	139119.4295	153495.854	7	9		
Cu	2	695.4820	4.4e+06	D+	137044.4647	151419.022	9	9		
Cu	2	695.7884	1.1e+07	D+	137073.6465	151441.899	5	7		
Cu	2	696.3433	1.3e+07	D+	139142.049	153498.834	5	7		
Cu	2	697.6305	5.6e+06	D+	137073.6465	151403.942	5	5		
Cu	2	715.7757	5.2e+05	C	108014.8372	121981.8546	7	5		
Cu	2	725.57937	6.5e+06	D+	121981.8546	135760.1548	5	5		
Cu	2	732.6007	1.80e+07	B	108335.6078	121981.8546	5	5		
Cu	2	738.2275	1.6e+07	D+	122415.957	135958.1919	1	3		
Cu	2	739.98836	2.57e+07	B	108014.8372	121524.8509	7	7		
Cu	2	740.43561	2.0e+07	D+	120092.3828	133594.2323	5	7		
Cu	2	742.0556	3.1e+06	C	110084.4773	123556.8261	3	5		
Cu	2	743.4155	1.3e+07	D+	122415.957	135863.6857	1	3		
Cu	2	743.81504	1.0e+07	D+	122224.0199	135664.5204	1	3		
Cu	2	749.3289	3.0e+06	D+	138401.956	151743.558	7	7		
Au	1	751.073	4.24e+07	B+	41174.613	54485.235	4	2		
Cu	2	756.20141	3.8e+07	B	110084.4773	123304.823	3	3		
Cu	2	757.9023	4.1e+07	B	110366.1542	123556.8261	5	5		
Cu	2	757.9850	1.15e+07	B	108335.6078	121524.8509	5	7		
Cu	2	765.23326	2.35e+07	B	108014.8372	121079.1501	7	7		
Cu	2	766.46451	3.5e+07	D+	120684.7128	133728.0387	7	5		
Cu	2	771.2418	3.7e+06	D+	138745.817	151708.347	5	7		
Cu	2	772.6637	1.70e+07	B	110366.1542	123304.823	5	3		
Cu	2	773.86656	4.5e+07	D+	122745.9491	135664.5204	5	3		
Cu	2	773.9499	7.1e+06	D+	138745.817	151662.985	5	5		
Cu	2	775.43688	9.e+06	D+	122867.7407	135760.1548	3	5		
Cu	2	777.3196	1.08e+06	C	108014.8372	120876.0141	7	5		
Cu	2	777.87353	1.3e+07	D+	120876.0141	133728.0387	5	5		
Cu	2	780.51886	1.6e+07	D+	120919.5715	133728.0387	3	5		
Cu	2	780.76534	3.6e+07	C+	120789.80865	133594.2323	9	7		
Cu	2	781.23182	1.2e+07	D+	122867.7407	135664.5204	3	3		
Cu	2	782.0577	1.51e+07	B	110084.4773	122867.7407	3	3		
Cu	2	782.56528	5.2e+07	B	108014.8372	120789.80865	7	9		
Cu	2	784.50792	3.8e+07	D+	123016.8175	135760.1548	7	5		
Cu	2	786.2652	2.9e+06	D+	139028.705	151743.558	5	7		
Cu	2	789.0568	5.8e+06	B	108014.8372	120684.7128	7	7		
Cu	2	789.58050	4.3e+07	B	110084.4773	122745.9491	3	5		
Cu	2	790.25482	4.9e+07	B	110366.1542	123016.8175	5	7		
Ag	2	793.02	3.2e+07	C	132017.588	144624.16	7	5		
Cu	2	794.44368	4.7e+07	B	108335.6078	120919.5715	5	3		
Ag	2	795.73	3.7e+07	C	136518.895	149082.86	5	3		
Cu	2	796.7067	1.0e+07	D+	141202.628	153750.851	7	9		
Cu	2	797.2031	2.9e+07	B	108335.6078	120876.0141	5	5		
Cu	2	798.81598	1.7e+07	D+	121079.1501	133594.2323	7	7		
Cu	2	799.6793	3.2e+07	B	110366.1542	122867.7407	5	3		
Ag	2	800.51863	3.8e+07	C	120533.6058	133022.073	7	7		
Cu	2	800.6515	5.9e+06	D+	141244.556	153730.935	5	7		
Ag	2	802.30	8.9e+06	C	132017.588	144478.44	7	7		
Cu	2	802.6479	8.2e+06	D+	123304.823	135760.1548	3	5		
Cu	2	805.3339	2.3e+06	D+	139331.149	151744.916	7	9		
Cu	2	807.4999	3.5e+06	D+	138401.956	150782.454	7	5		
Cu	2	807.5456	2.8e+05	C	110366.1542	122745.9491	5	5		
Cu	2	808.85846	1.6e+07	D+	123304.823	135664.5204	3	3		
Cu	2	809.55267	3.7e+07	B	108335.6078	120684.7128	5	7		
Ag	2	809.63	1.8e+07	C	136832.527	149182.18	3	5		
Ag	2	810.0253	1.3e+07	C	125126.4097	137468.255	3	5		
Cu	2	810.3352	2.7e+06	D+	139331.149	151668.328	7	9		
Cu	2	815.4003	5.4e+06	D+	139395.786	151656.317	9	11		
Cu	2	819.2221	2.0e+07	D+	123556.8261	135760.1548	5	5		
Cu	2	819.2330	5.9e+06	D+	121524.8509	133728.0387	7	5		
Ag	2	822.4770	1.7e+06	D+	120533.6058	132688.679	7	9		
Cu	2	823.5272	4.6e+07	B	110084.4773	122224.0199	3	1		
Ag	2	825.4777	1.4e+07	C	120911.2048	133022.073	5	7		
Ag	2	826.2874	4.3e+07	C	125126.4097	137225.409	3	3		
Cu	2	827.75525	4.3e+07	B	108014.8372	120092.3828	7	5		
Ag	2	828.7284	3.0e+07	C	125404.8818	137468.255	5	5		
Ag	2	829.78	3.4e+07	C	132429.668	144478.44	9	7		
Ag	2	832.4708	4.7e+07	C	120911.2048	132920.339	5	5		
Cu	2	832.8395	3.1e+06	D+	139741.097	151744.916	7	9		
Cu	2	833.3074	2.3e+06	D+	138745.817	150742.896	5	7		
Cu	2	833.6333	1.4e+06	D+	134110.870	146103.25704	11	13		
Cu	2	835.3837	3.1e+06	D+	139741.097	151708.347	7	7		
Ag	2	837.9578	5.0e+07	C	120911.2048	132841.701	5	3		
Cu	2	840.2897	3.9e+06	C	110084.4773	121981.8546	3	5		
Ag	2	840.38338	4.7e+07	C	120533.6058	132429.668	7	9		
Ag	2	843.15	2.4e+07	C	137225.409	149082.86	3	3		
Ag	2	849.2643	4.3e+07	C	125404.8818	137176.52	5	7		
Cu	2	850.3394	1.6e+06	C	108335.6078	120092.3828	5	5		
Cu	2	851.10626	1.0e+07	D+	121981.8546	133728.0387	5	5		
Ag	2	854.0184	1.4e+06	D+	125126.4097	136832.527	3	3		
Ag	2	854.10	2.5e+07	C	132920.339	144624.16	5	5		
Cu	2	860.6681	7.9e+06	B	110366.1542	121981.8546	5	5		
Ag	2	870.5390	1.17e+07	C	120533.6058	132017.588	7	7		
Ag	2	872.59	1.8e+07	C	133022.073	144478.44	7	7		
Ag	2	874.8317	4.3e+07	C	125404.8818	136832.527	5	3		
Ag	2	877.5316	3.0e+07	C	125126.4097	136518.895	3	5		
Cu	2	879.7094	1.6e+06	D+	134742.863	146107.1288	9	11		
Cu	2	881.0397	2.4e+06	D+	139395.786	150742.896	9	7		
Cu	2	895.9159	1.6e+05	C	110366.1542	121524.8509	5	7		
Ag	2	899.5174	1.10e+07	C	125404.8818	136518.895	5	5		