obs_wl_air(nm)	Aki(s^-1)	Acc	Ei(cm-1)	Ek(cm-1)	g_i	g_k	Type	
346.107	6.7e+04	D	93750.5978	122635.054	3	5		
355.4306	2.7e+05	D	93143.7600	121270.617	5	5		
360.6522	7.6e+05	D	93750.5978	121470.238	3	1		
377.0369	7.0e+04	D	94553.6652	121068.736	1	3		
383.4679	7.5e+05	D	95399.8276	121470.238	3	1		
394.7505	5.6e+04	C+	93143.7600	118469.0508	5	5		
394.8979	4.6e+05	B	93143.7600	118459.5975	5	3		
404.4418	3.3e+05	B	93750.5978	118469.0508	3	5		
415.8590	1.40e+06	B	93143.7600	117183.5901	5	5		
416.4180	2.9e+05	B	93143.7600	117151.3264	5	3		
418.1884	5.6e+05	B	94553.6652	118459.5975	1	3		
419.0713	2.80e+05	B	93143.7600	116999.3259	5	5		
419.1029	5.4e+05	C+	94553.6652	118407.4303	1	3		
419.8317	2.57e+06	B	93750.5978	117562.9553	3	1		
420.0674	9.7e+05	B+	93143.7600	116942.7542	5	7		
425.1185	1.11e+05	C+	93143.7600	116659.9934	5	3		
425.9362	3.98e+06	B+	95399.8276	118870.9170	3	1		
426.6286	3.1e+05	C+	93750.5978	117183.5901	3	5		
427.2169	8.0e+05	B	93750.5978	117151.3264	3	3		
430.0101	3.77e+05	B+	93750.5978	116999.3259	3	5		
433.3561	5.7e+05	B+	95399.8276	118469.0508	3	5		
433.5338	3.9e+05	C+	95399.8276	118459.5975	3	3		
434.5168	3.0e+05	B	95399.8276	118407.4303	3	3		
451.0733	1.18e+06	B+	95399.8276	117562.9553	3	1		
452.2323	9.0e+04	B	94553.6652	116659.9934	1	3		
459.6097	9.5e+04	B	95399.8276	117151.3264	3	3		
462.8441	3.83e+04	B+	95399.8276	116999.3259	3	5		
470.2316	1.09e+05	B	95399.8276	116659.9934	3	3		
515.1391	2.39e+06	C	104102.0990	123508.927	3	1		
516.2285	1.90e+06	C	104102.0990	123467.9733	3	3		
518.7746	1.38e+06	C	104102.0990	123372.9253	3	5		
522.1271	8.8e+05	D	105462.7596	124609.856	7	9		
542.1352	6.0e+05	D	105462.7596	123903.220	7	5		
545.1652	4.7e+05	D+	104102.0990	122440.0672	3	5		
549.5874	1.69e+06	C	105462.7596	123653.177	7	9		
550.6113	3.6e+05	D+	105617.2700	123773.8614	5	7		
555.8702	1.42e+06	C	104102.0990	122086.9164	3	5		
557.2541	6.6e+05	C	105617.2700	123557.4227	5	7		
560.6733	2.20e+06	C	104102.0990	121932.8477	3	3		
565.0704	3.20e+06	C	104102.0990	121794.0988	3	1		
573.9520	8.7e+05	D	106087.2598	123505.4896	3	5		
583.4263	5.2e+05	C	106237.5518	123372.9253	5	5		
586.0310	2.85e+05	C	104102.0990	121161.3135	3	3		
588.2624	1.23e+06	C	104102.0990	121096.605	3	1		
588.8584	1.29e+06	C	105462.7596	122440.0672	7	5		
591.2085	1.05e+06	C	104102.0990	121011.9198	3	3		
592.8813	1.1e+06	D+	105617.2700	122479.3820	5	3		
594.2669	1.8e+05	D	105617.2700	122440.0672	5	5		
598.7302	1.2e+05	D	105462.7596	122160.1502	7	7		
599.8999	1.4e+05	D	105617.2700	122282.104	5	5		
602.5150	9.0e+05	D+	107289.7001	123882.203	5	3		
603.2127	2.46e+06	C	105462.7596	122036.0704	7	9		
604.3223	1.47e+06	C	105617.2700	122160.1502	5	7		
605.2723	1.9e+05	D+	104102.0990	120619.0162	3	5		
605.9372	4.2e+05	C	104102.0990	120600.8905	3	5		
609.8803	5.2e+05	D+	106087.2598	122479.3820	3	3		
610.5635	1.21e+06	C	107131.7086	123505.4896	3	5		
614.5441	7.6e+05	C	107289.7001	123557.4227	5	7		
617.0174	5.0e+05	C	106237.5518	122440.0672	5	5		
617.3096	6.7e+05	C	106087.2598	122282.104	3	5		
621.2503	3.9e+05	D+	106237.5518	122329.672	5	7		
621.5938	5.7e+05	D+	107289.7001	123372.9253	5	5		
629.6872	9.0e+05	D+	107496.4166	123372.9253	3	5		
630.7657	6.0e+05	D+	106237.5518	122086.9164	5	5		
636.9575	4.2e+05	D+	106237.5518	121932.8477	5	3		
638.4717	4.21e+05	C	104102.0990	119760.1725	3	3		
641.6307	1.16e+06	C	104102.0990	119683.0821	3	5		
653.8112	1.1e+05	D+	105462.7596	120753.4714	7	7		
660.4853	1.3e+04	D	105617.2700	120753.4714	5	7		
666.0676	7.8e+05	D	106087.2598	121096.605	3	1		
666.4051	1.5e+05	D+	105617.2700	120619.0162	5	5		
667.7282	2.36e+05	B	93750.5978	108722.6194	3	1		
675.2834	1.93e+06	C	104102.0990	118906.6110	3	5		
675.6163	3.6e+05	D+	107289.7001	122086.9164	5	5		
676.6612	4.0e+05	D+	106237.5518	121011.9198	5	3		
687.1289	2.78e+06	C	104102.0990	118651.3950	3	3		
687.9582	1.8e+05	D+	106087.2598	120619.0162	3	5		
688.8174	2.5e+05	D+	106087.2598	120600.8905	3	5		
693.7664	3.08e+06	C	104102.0990	118512.197	3	1		
695.1478	2.2e+05	D	106237.5518	120619.0162	5	5		
696.0250	2.4e+05	D	106237.5518	120600.8905	5	5		
696.5431	6.4e+06	B+	93143.7600	107496.4166	5	3		
703.0251	2.67e+06	C	105462.7596	119683.0821	7	5		
706.7218	3.8e+06	B	93143.7600	107289.7001	5	5		
706.8736	2.0e+06	D+	105617.2700	119760.1725	5	3		
710.7478	4.5e+05	D+	105617.2700	119683.0821	5	5		
712.5820	6.0e+05	D+	107131.7086	121161.3135	3	3		
714.7042	6.3e+05	B	93143.7600	107131.7086	5	3		
715.8839	2.1e+06	D+	107131.7086	121096.605	3	1		
720.6980	2.48e+06	C	107289.7001	121161.3135	5	3		
726.5172	1.7e+05	D	106087.2598	119847.77	3	3		
727.0664	1.1e+05	D	105462.7596	119212.87	7	7		
727.2936	1.83e+06	B+	93750.5978	107496.4166	3	3		
731.1716	1.7e+06	D+	106087.2598	119760.1725	3	3		
731.6005	9.6e+05	D+	107496.4166	121161.3135	3	3		
735.0814	1.2e+06	D+	107496.4166	121096.605	3	1		
735.3293	9.6e+05	D+	105617.2700	119212.87	5	7		
737.2118	1.9e+06	D+	105462.7596	119023.648	7	9		
738.3980	8.5e+06	B	93750.5978	107289.7001	3	5		
739.2980	7.2e+05	D+	106237.5518	119760.1725	5	3		
741.2337	3.9e+05	D+	107131.7086	120619.0162	3	5		
742.5294	3.1e+05	D	107289.7001	120753.4714	5	7		
743.5368	9.0e+05	D+	106237.5518	119683.0821	5	5		
743.6297	2.7e+05	D	105462.7596	118906.6110	7	5		
750.3869	4.5e+07	B	95399.8276	108722.6194	3	1		
751.4652	4.0e+07	B	93750.5978	107054.2720	3	1		
763.5106	2.45e+07	B	93143.7600	106237.5518	5	5		
772.3761	5.2e+06	B+	93143.7600	106087.2598	5	3		
772.4207	1.17e+07	B+	94553.6652	107496.4166	1	3		
789.1075	9.5e+05	C	106237.5518	118906.6110	5	5		
794.8176	1.86e+07	B	94553.6652	107131.7086	1	3		
800.6157	4.9e+06	C+	93750.5978	106237.5518	3	5		
801.4786	9.3e+06	B	93143.7600	105617.2700	5	5		
805.3308	8.6e+05	C	106237.5518	118651.3950	5	3		
810.3693	2.50e+07	B+	93750.5978	106087.2598	3	3		
811.5311	3.3e+07	B	93143.7600	105462.7596	5	7		
826.4522	1.53e+07	B+	95399.8276	107496.4166	3	3		
840.8210	2.23e+07	B+	95399.8276	107289.7001	3	5		
842.4648	2.15e+07	B+	93750.5978	105617.2700	3	5		
852.1442	1.39e+07	B	95399.8276	107131.7086	3	3		
860.5776	1.04e+06	C	107289.7001	118906.6110	5	5		
866.7944	2.43e+06	B	94553.6652	106087.2598	1	3		
907.5394	1.2e+06	D	107496.4166	118512.197	3	1		
912.2967	1.89e+07	B	93143.7600	104102.0990	5	3		
919.4638	1.76e+06	C	104102.0990	114975.019	3	3		
922.4499	5.0e+06	B	95399.8276	106237.5518	3	5		
929.1531	3.26e+06	C	104102.0990	114861.635	3	1		
935.4220	1.06e+06	B	95399.8276	106087.2598	3	3		
965.7786	5.4e+06	B	93750.5978	104102.0990	3	3		
978.4503	1.47e+06	B	95399.8276	105617.2700	3	5		
1047.0054	9.8e+05	C+	94553.6652	104102.0990	1	3		
1047.8034	2.44e+06	C	104102.0990	113643.260	3	3		
1050.650	1.58e+06	C	112138.924	121654.234	5	7		
1067.3565	4.9e+06	D	104102.0990	113468.473	3	5		